   1.49020227141261       -1.54552070093471        6.43595987995012     
   1.73284089226204       -3.75288539566803        6.89231405424253     
  -1.46692014584678       0.362796488843558        6.09133869988587     
  0.219307904456062        4.80992169668421        3.88617762366364     
  -1.04255230018472       -1.03954861443016        6.48620289718937     
  -1.36741653898631       -2.25187089262438        4.55979023253521     
  0.765089180234691       -1.42178672959723        6.58835290531281     
  -3.37543505862076       -1.94539180522919        6.63518050924494     
  -2.82776809442413       -3.53634261442513        6.93417223275211     
  0.657852682193920       -1.93493299756164        5.22346213880044     
   4.35915324328462      -0.855242006552178        7.03130757269271     
   5.16858365605527        1.32786176238263        4.81438762595136     
   2.76307253956844        4.32145554238635        4.08871032321847     
  0.970805613472699        3.48553715813996        5.13391798874642     
  -1.43879484639817        2.33730252663476        6.19963651783739     
  -5.81115129862668        6.45723593529745       0.719619178873367     
  -3.74765002496057       -4.77897901528931        2.36695048111515     
  -2.40121437537350        3.20468570433720        4.79124495175645     
  -1.09128734155527       -8.03645673662572        5.09255622607745     
  0.265739101782093       -7.87626713817837        2.97650287712796     
   3.56142355702857       -6.36332155672027        3.03430164773087     
   5.43316500130831       -2.37362210635786        4.06011177391172     
   3.20101362004068        5.95149153910254        2.03822826958192     
   2.94675675810057        1.79522293594541        2.39363953033184     
  -1.68424336905641        4.29136081315025        1.25853850971277     
  -4.28995765114825        6.56998227658756        3.77126306415129     
  -6.50399967760741        2.03908053158828        4.36632557073532     
  -2.17353943162911        2.65702438582653        5.50569470060138     
   1.40400027672514       -7.97252161164453        1.58420694742034     
  -3.77708610646858       -5.54215103762121      -0.501877223667003     
   6.59693161441767       -1.49456686421897        2.06778617360360     
   4.95741325340662        1.11909768327168        1.79548306901009     
   3.28777282503718        3.49204138639715      -0.816149405888399     
   4.95760909515463        3.47884272517690        5.32075628789732     
  -6.52484197748250        1.16862914057084        1.51998732868122     
  -6.27493524257559        3.17877445202616      -4.148147337222041E-002
  -6.40050670489395       -3.63216600458640       0.922397624729697     
  -2.58541781766991       -5.24514714280138        4.12329733054300     
   1.40845624541307       -6.16052790861246        1.54459613325807     
   3.88044334566258       -6.18944013699201       -1.11590076066829     
   5.73592659496253        2.11890364677717       -1.21744105483931     
   5.87893052008530       -3.48036872950385       -1.56790779404912     
   3.99737081643029        5.57860947338635      -0.765151575334883     
 -0.287633120086517        6.77783574638868       0.758107223368647     
  -6.82087494372775        2.24810435935584        2.20026797610468     
  -6.40916272781848        3.61118464662294        2.33826142906802     
  -5.26757118483070       -2.99764796293767        2.57577918852875     
  -6.61250169650839       -2.87763103409517      -0.367622203205596     
 -0.188682458204799       -4.96471210739805        3.46225552975803     
   5.79938851159946       -4.51527379190172      -0.499914868753813     
   3.51902654659523      -6.621655183561521E-002   6.83974529739283     
   8.00859547165616        2.46578264007471       0.783309726474222     
  -1.50639604699555        4.70986154481066       -1.21989471425448     
   2.75266681670013        3.22439763972389        6.24613813584310     
  -3.71362924341293        2.29368244606595        4.31248746275887     
  -5.93689671415513      -5.424505928250967E-002   4.54982305368734     
  -5.67877667153758       -7.45441273818837      -0.993510773968793     
  -5.02875342477028       -2.22232635549148        3.92093476877922     
   4.33960476088350       -5.11554117042776        1.74963645274721     
   4.16524977767428       -2.45573203645015        3.79924657387418     
  -6.91514131068199       -1.88783531840636       -2.01012243749837     
  -3.78690252973112        3.90550813791483       -2.73085074273226     
  -1.68763228977459       -3.59757104147298       -5.20058342762988     
  -8.35353389739566      -0.968852261372522        2.68155696479932     
   2.63559247838491       0.730212476446049       -6.66291659481764     
   5.08438476851662      -0.889029146611050       -5.18941160252557     
   4.38598502507280        2.56930286882973       -3.75543868302376     
  0.332384435955954       -2.45669647134914       -6.67311976833183     
  -2.04348492581931        4.34580000352438       -4.68538036646252     
   3.69780019103833        2.94657321186788       -5.83572886786479     
  -4.91071304191454        1.35124929096060       -5.19425925058867     
  -2.98279477748652       -3.79464356802021        5.62494884698490     
  -6.61933783935213       -1.00429680064839       -5.94638879237084     
  -3.15088375657130       -2.42900491932165       -4.81118366630987     
   4.26250265855276       -5.65519869569598       -6.24342932875923     
  0.613897290221763       -4.16643770775784       -4.06529179043367     
   3.80227364110088        3.35122483000040       -4.00628147144042     
   6.90737630304011       -1.72021888627358       -2.67419879033878     
 -0.835978608224089        5.99516331348743       -2.81371420240240     
   1.02711216417271        5.40935763208363       -3.35734475600656     
  -5.61481545742750        1.61489496907877       -2.66175421668847     
  -1.31655692258287      -0.597772891991324       -6.92861820486445     
  -3.07842766885749       -5.40838332802317       -2.03202628255544     
 -0.443227119211021       -8.36775831326675       -1.26024944317085     
   4.38408964844275       -6.86303733624176      -0.888009746196797     
  0.513615711327565       -5.15464119333044       -2.65728599753094     
   5.88667010036964        2.25738278596920       -2.35230740986676     
   2.06134530257511        6.38471255696336       0.939211850411730     
  -1.91943960431107        7.14514726612185      -0.677526902708562     
   1.17611454865930        7.24662017386704        2.15466945541540     
  -6.67690609094078        1.84783627121380       -4.18688126256123     
  -4.99627448824479       -4.63682583318233       -3.27622530463282     
  -1.39327134858659       -5.80480461060626       -4.46628572090313     
   1.49848319128103       -5.71271770861884       0.848173006239530     
   5.39190348263202       0.938211941299446       -3.59673560864613     
   5.26664343965896       -2.95676677482695      -0.694490279578551     
   5.59689758171439        4.84958204049761      -0.683919029055022     
 -0.939612872797931        4.27505658533518       -2.72297347751414     
  -5.16202401625958        5.54215480303406       0.838590500919310     
 -0.650477558964368        5.32631779128526        2.55027200426671     
  -2.63811552728164       -5.15226913643577       -4.05492020793889     
  -3.66095192975891       -1.72765809504495        2.69025610766476     
   1.03040338329234       -6.82966842897284       -4.10817563051643     
   4.56919415074460       -4.87535904041760       -1.72051091359963     
   7.33511970757001      -0.237667509771353      -0.926110444401055     
   7.47898102195637        3.06476460846575       -1.90101542630808     
   3.97886450886607        4.98634849920837       -3.91080828327960     
  0.602173373553885        5.96943491380857       -4.48720668438426     
  -3.12108974338341        4.80293144031238       -3.31762581210418     
  -4.92201994636590        4.03780918156996       -3.36097779746249     
  -6.47350957273263      -2.535929502537336E-002  -2.96030013980981     
  -2.85085886511737       -1.43048463618926       -5.84098885130386     
  -2.55249120832467        1.88366214717266       -5.56138873862674     
  -1.43377110486723       -3.37531825454138       -4.41415353869122     
  0.794107107260845      -0.750464594473373       -6.09715430659279     
   2.72179774127070       -1.12883060578833       -4.24701991005228     
 -0.690402625416747       0.969702952795202       -5.73136456675984     
   1.39184536551127       0.634177294548124       -4.60635100846392     
  -3.09359972363525        1.05939458696533       -7.32340331196259     
  -1.72372675175849        3.43020344635863       -7.89998032608162     
   6.62178569865000        1.89345233949688        4.43845417762076     
   5.46150258758871       -1.92542131679845       -1.84202981534656     
   2.75994788899944        4.29140972555406        4.52348785320904     
   1.28738316158405        1.91985993385781        7.44719638291433     
   1.58314577787185       0.518350434370159        6.00713157316155     
  -2.87623477769122       0.812485902378227        5.90915507218441     
  -3.41591889039531       -3.87112781131392        5.25137579825235     
  -4.70305077568985        2.05903515592429        2.79719667946056     
  0.864363854887667       -2.65498348082057        7.32734837340114     
  0.949137979393898       -4.14341160306620        5.03670101955877     
   4.76936925720792        1.60563426178399        3.23708652084111     
   7.37408185158495       -1.61418760857121        1.74985997079505     
 -0.384211201894479        2.72443358409766        6.12937567074068     
  0.919312071153049        5.14142213708765        3.98050788238098     
  -5.77224839242420        2.60783448483582        2.74953170156035     
  -5.04722546168602        2.54018784147075        5.24859511634276     
  -4.62004322263555       -5.18864810124794        3.85492905838542     
   1.18900149022467       -4.90372209783552        4.83743938337485     
  0.147468948222355       -2.13836282584371        6.29825889065058     
   1.67236991675598       -2.73014862851796        6.78955797365393     
   5.90912778597484       -1.05926575244983        4.53632623727615     
   5.08267875162241       -2.09959312665524        5.26008849371587     
   3.69454575574458        5.71112500061762       0.980710731717348     
   2.73838653362149      -0.699996508296128        4.20292000217766     
  0.590835762132740        4.23134676514313        5.39129305412578     
  -2.76138254983461        6.65697279026823        1.91532893295519     
  -6.21461830758496       0.336928835928365        3.45396369482760     
  -5.85823877060450       -4.04513014735515        1.38449608539143     
 -0.864415937663962       -4.47880331327571        3.83469420811464     
 -1.083080351266952E-002  -8.54850039902722        3.03255939232261     
   6.59351099928738        3.13078974948309      -0.597626947399986     
   5.95014836527940       -3.38591023564431        2.93402747514636     
   3.86595268432325        5.13929784611342        2.94933002048286     
 -0.130803747911342        5.68949210026012       -2.30563823209619     
  -6.62776044934095        2.09432533569021       0.269504133332453     
  -1.72378868243688        4.15445106001777        2.98533025873435     
  -6.20786319713580       -1.26915547056632        2.52352781724748     
  -5.11820044344792       -1.76057331401494        3.69617796298751     
   2.40703138522031       -3.91919529807546        4.80786889022256     
   4.38402376647885       -4.66678415174431        1.42461619009085     
   8.49165602315237      -0.881973495182322       0.354517827390559     
   6.36567176968026        1.80223934216402       -3.54658585523675     
  0.646606955022152        6.74563512129870      -0.138255059077493     
 -0.317950613385058        4.27234912813003      -0.365968678923258     
  -5.23113709945697        3.80697598689324        2.20976185499397     
  -3.45390200253521        2.33875403482842       -2.73355588443972     
  -4.92041003482596       -3.75282129546077       5.103082713242757E-002
  -4.06015347107546       -6.20217826272329       -4.76043812177594     
   4.15433704059802       -3.97244201916182       0.121784521017006     
   1.62586634957580       -6.78440040537666       0.694481965138494     
   6.69718704424774       -1.32591104214829        2.70094541018594     
   3.20789747916902       0.514842924138466        6.07093938314979     
 -0.384778274495618        5.79813509791691        1.82928954928860     
 -0.990337570716982        6.88238420799362        4.14754135816459     
  -2.57330820253254        2.10085348953269        5.26027511030434     
  -2.90683138433997       -1.74112411119945        6.66728754415154     
  -5.61227484358529       -1.25267298400490        2.01152877595237     
  -4.36805509417269       -4.89285393798109        1.82132466815787     
   3.70624762653611       -3.84534788524131        1.87313269880279     
   1.50445053486762       -1.31364012911038        6.32165306841989     
  -5.51164337484162       -3.50026807178933       -2.86558602478229     
  -6.77393716893112       -2.21264662567102      -0.714192529016679     
  -3.83128388255382       -4.31571447523815       -4.06545599172587     
 -0.570955721437456       -2.38643165959629       -5.00568182046071     
   2.98249248660122       -1.75251351678693       -5.06217315351440     
 -0.288922581570844       -1.40776395667536       -6.84613526962716     
   4.44911022454137        2.27494827122157       -3.33552156447635     
  -2.09243593611503        4.81981923371748       -5.81324746572848     
  -3.32108865349234      -0.198990058072679       -4.30445327745000     
  -1.52947991667068       0.798464576617643       -7.05886685591233     
  -5.24826830262336      -0.563887718697025       -4.67589423645110     
  -4.67852438296363        4.09410818791960       -3.72868629966411     
  -3.09090068046937       -4.00806932162209       -2.04972174192120     
  -4.73838851833336      -0.808049713718860       -6.57946479304917     
  -2.83909837027027       -7.90748683943782       -1.10734412889028     
   3.82430058951850       -2.32166562027341       -5.99077261157099     
   5.99461370673773        1.99264332278438      -0.108924999794036     
   3.85816809463754      -0.178521050497981       -1.79742304827099     
   1.33036890310626        5.66224114243678       -2.43814089471860     
 -0.671074756899578        4.96924395252011       -3.90331441286424     
  -4.96710318034176        1.26768911275218       -2.63389608561042     
  -5.72260367169664        2.22510024369481       0.642517243850384     
 -9.982203028982162E-002  -4.62957394276464        2.90651581261473     
  0.419440314021148       -7.11661769142804      -0.770652747517644     
   7.05547158523513       -1.58866789678090       0.310486748026154     
   5.32049711222779       -5.94463646046483       3.132968269571701E-002
   3.94857575422364        6.25987660791234       -2.16043399168849     
   4.30305679413820        3.37650363441366        4.05705275373745     
   2.48378080113574        7.14451170475508        1.04918737545518     
  -1.57267610870876        5.38359311162447      -0.394096408083136     
  -6.56872643275254      -0.979377878243555      -0.840005411943082     
  -7.68843649316677       -1.66903288972845       -2.20789203728536     
 -5.109290180828513E-002  -5.95159731465211       -2.71772853105468     
  -4.46866517396986       -5.83335268907350       0.711318889724161     
   6.53691891663980       -4.08186783261484      -0.993028861419281     
   5.33588552973744       -4.23368949475189       -1.47596832130486     
   1.76493222348104        6.15985158962895       0.498867431500947     
   3.98794421981236        4.61656633515115       -2.13033583608256     
  -4.37420631606849        4.88362166736865      -0.762867058451377     
  -3.80706521695332        4.56210264887596        3.64518448237214     
  -5.88888696590173       -3.07903281499397       -2.51043843184533     
   1.07314290362316       0.577835178779209       -7.04507225553222     
  5.306346986993749E-002  -4.82276736596067       -5.28416299265779     
  0.206294227826108       -4.44820833682407       -2.71928006263416     
   3.67721170657413       -4.19485239718500       -3.74381397340399     
   6.02488138286623      -0.131148194799730       -4.97424972403889     
   5.16586417532386        4.11386296026640      -0.544729335476711     
   3.22861822624286        3.58546597286940       -6.03141335521957     
  -3.56357666532599        3.79529683519691       -4.53465453956147     
  -2.12360198759775        5.41971383900337       -1.85746487123913     
  -6.89443898002702        1.09036157853499       -3.86178781937295     
   2.35233435460035      -0.435854644997471       -5.94812328160254     
  -1.65234958585246       -4.45064840477507       -5.49694738126030     
  -2.42837304506160      -0.584976841245995       -5.72907048613804     
  1.181951337332010E-002   1.37241309966415       -6.57337598772266     
   3.61360769502065       -5.36328127615058       -4.02492162614520     
   3.81609490426821       0.946383509482010       -5.30212639044934     
   2.42450737642240       -1.18414674874005       -6.87127668613461     
 -0.983438320361098        3.68787002435464       -5.44826440798945     
  -3.47583750736413        4.49734387440706       -2.79138474139807     
